
    9876543210                                 98 76543210
1            1  1                    128          10000000
2           10  2                    255          11111111         
3           11  3                    256        1 00000000   0       -256    256 x 1
4          100  4                    257        1 00000001   1       -256    256 x 1
5          101  5                    258        1 00000010   2       -256    256 x 1
6          110  6                
7          111  7                    509        1 11111101  253      -256    256 x 1
8         1000  0  -8                510        1 11111110  254      -256    256 x 1
9         1001  1  -8                511        1 11111111  255      -256    256 x 1
10        1010  2  -8                512       10 00000000    0      -512    256 x 2
11        1011  3  -8                          
12        1100  4  -8                768       11 00000000    0      -768    256 x 3
13        1101  5  -8                             
14        1110  6  -8               1024      100 00000000    0     -1024    256 x 4
15        1111  7  -8
16       10000  0 -16               1280      101 00000000    0     -1280    256 x 5
17       10001  1 -16
18       10010  2 -16               1536      110 00000000    0     -1536    256 x 6
19       10011  3 -16
20       10100  4 -16               1792      111 00000000    0     -1792    256 x 7
21       10101  5 -16
22       10110  6 -16               1866      111 01001010   74     -1792    256 x 7
23       10111  7 -16                             -p--s-p- 
24       11000  0 -24
25       11001  1 -24
26       11010  2 -24
27       11011  3 -24
28       11100  4 -24
29       11101  5 -24
30       11110  6 -24
31       11111  7 -24
32      100000  0 -32
33      100001  1 -32